0.000000 
0.001396 
0.002793 
0.004189 
0.005585 
0.006981 
0.008377 
0.009774 
0.011170 
0.012566 
0.013962 
0.015358 
0.016754 
0.018150 
0.019546 
0.020942 
0.022338 
0.023734 
0.025130 
0.026526 
0.027922 
0.029317 
0.030713 
0.032109 
0.033504 
0.034899 
0.036295 
0.037690 
0.039085 
0.040481 
0.041876 
0.043271 
0.044666 
0.046060 
0.047455 
0.048850 
0.050244 
0.051639 
0.053033 
0.054427 
0.055822 
0.057216 
0.058609 
0.060003 
0.061397 
0.062791 
0.064184 
0.065577 
0.066970 
0.068364 
0.069756 
0.071149 
0.072542 
0.073934 
0.075327 
0.076719 
0.078111 
0.079503 
0.080895 
0.082286 
0.083678 
0.085069 
0.086460 
0.087851 
0.089242 
0.090633 
0.092023 
0.093413 
0.094803 
0.096193 
0.097583 
0.098972 
0.100362 
0.101751 
0.103140 
0.104528 
0.105917 
0.107305 
0.108693 
0.110081 
0.111469 
0.112856 
0.114244 
0.115631 
0.117017 
0.118404 
0.119790 
0.121176 
0.122562 
0.123948 
0.125333 
0.126718 
0.128103 
0.129488 
0.130872 
0.132256 
0.133640 
0.135024 
0.136407 
0.137790 
0.139173 
0.140556 
0.141938 
0.143320 
0.144702 
0.146083 
0.147464 
0.148845 
0.150226 
0.151606 
0.152986 
0.154366 
0.155745 
0.157124 
0.158503 
0.159881 
0.161259 
0.162637 
0.164015 
0.165392 
0.166769 
0.168145 
0.169522 
0.170897 
0.172273 
0.173648 
0.175023 
0.176398 
0.177772 
0.179146 
0.180519 
0.181892 
0.183265 
0.184638 
0.186010 
0.187381 
0.188753 
0.190124 
0.191494 
0.192864 
0.194234 
0.195604 
0.196973 
0.198342 
0.199710 
0.201078 
0.202445 
0.203813 
0.205179 
0.206546 
0.207912 
0.209277 
0.210642 
0.212007 
0.213371 
0.214735 
0.216099 
0.217462 
0.218825 
0.220187 
0.221548 
0.222910 
0.224271 
0.225631 
0.226991 
0.228351 
0.229710 
0.231069 
0.232427 
0.233785 
0.235142 
0.236499 
0.237855 
0.239211 
0.240567 
0.241922 
0.243276 
0.244631 
0.245984 
0.247337 
0.248690 
0.250042 
0.251394 
0.252745 
0.254096 
0.255446 
0.256795 
0.258145 
0.259493 
0.260842 
0.262189 
0.263536 
0.264883 
0.266229 
0.267575 
0.268920 
0.270264 
0.271608 
0.272952 
0.274295 
0.275637 
0.276979 
0.278321 
0.279661 
0.281002 
0.282341 
0.283681 
0.285019 
0.286357 
0.287695 
0.289032 
0.290368 
0.291704 
0.293039 
0.294374 
0.295708 
0.297042 
0.298375 
0.299707 
0.301039 
0.302370 
0.303700 
0.305031 
0.306360 
0.307689 
0.309017 
0.310345 
0.311672 
0.312998 
0.314324 
0.315649 
0.316974 
0.318298 
0.319621 
0.320944 
0.322266 
0.323587 
0.324908 
0.326228 
0.327548 
0.328867 
0.330185 
0.331503 
0.332820 
0.334136 
0.335452 
0.336767 
0.338081 
0.339395 
0.340708 
0.342020 
0.343332 
0.344643 
0.345953 
0.347263 
0.348572 
0.349880 
0.351188 
0.352495 
0.353801 
0.355107 
0.356412 
0.357716 
0.359020 
0.360322 
0.361625 
0.362926 
0.364227 
0.365527 
0.366826 
0.368125 
0.369422 
0.370720 
0.372016 
0.373312 
0.374607 
0.375901 
0.377194 
0.378487 
0.379779 
0.381070 
0.382361 
0.383651 
0.384940 
0.386228 
0.387516 
0.388802 
0.390088 
0.391374 
0.392658 
0.393942 
0.395225 
0.396507 
0.397789 
0.399069 
0.400349 
0.401628 
0.402906 
0.404184 
0.405461 
0.406737 
0.408012 
0.409286 
0.410560 
0.411832 
0.413104 
0.414376 
0.415646 
0.416915 
0.418184 
0.419452 
0.420719 
0.421985 
0.423251 
0.424515 
0.425779 
0.427042 
0.428304 
0.429566 
0.430826 
0.432086 
0.433345 
0.434602 
0.435860 
0.437116 
0.438371 
0.439626 
0.440879 
0.442132 
0.443384 
0.444635 
0.445885 
0.447135 
0.448383 
0.449631 
0.450878 
0.452123 
0.453368 
0.454612 
0.455856 
0.457098 
0.458339 
0.459580 
0.460819 
0.462058 
0.463296 
0.464533 
0.465769 
0.467004 
0.468238 
0.469472 
0.470704 
0.471935 
0.473166 
0.474396 
0.475624 
0.476852 
0.478079 
0.479305 
0.480530 
0.481754 
0.482977 
0.484199 
0.485420 
0.486640 
0.487860 
0.489078 
0.490295 
0.491512 
0.492727 
0.493942 
0.495155 
0.496368 
0.497580 
0.498790 
0.500000 
0.501209 
0.502416 
0.503623 
0.504829 
0.506034 
0.507238 
0.508440 
0.509642 
0.510843 
0.512043 
0.513242 
0.514440 
0.515636 
0.516832 
0.518027 
0.519221 
0.520414 
0.521605 
0.522796 
0.523986 
0.525175 
0.526362 
0.527549 
0.528735 
0.529919 
0.531103 
0.532285 
0.533467 
0.534647 
0.535827 
0.537005 
0.538182 
0.539359 
0.540534 
0.541708 
0.542881 
0.544053 
0.545224 
0.546394 
0.547563 
0.548731 
0.549898 
0.551063 
0.552228 
0.553392 
0.554554 
0.555715 
0.556876 
0.558035 
0.559193 
0.560350 
0.561506 
0.562661 
0.563814 
0.564967 
0.566119 
0.567269 
0.568418 
0.569566 
0.570714 
0.571860 
0.573004 
0.574148 
0.575291 
0.576432 
0.577573 
0.578712 
0.579850 
0.580987 
0.582123 
0.583258 
0.584391 
0.585524 
0.586655 
0.587785 
0.588914 
0.590042 
0.591169 
0.592294 
0.593419 
0.594542 
0.595664 
0.596785 
0.597905 
0.599024 
0.600141 
0.601257 
0.602372 
0.603486 
0.604599 
0.605711 
0.606821 
0.607930 
0.609038 
0.610145 
0.611251 
0.612355 
0.613459 
0.614561 
0.615662 
0.616761 
0.617860 
0.618957 
0.620053 
0.621148 
0.622241 
0.623334 
0.624425 
0.625515 
0.626604 
0.627691 
0.628778 
0.629863 
0.630947 
0.632029 
0.633111 
0.634191 
0.635270 
0.636348 
0.637424 
0.638499 
0.639573 
0.640646 
0.641717 
0.642788 
0.643857 
0.644924 
0.645991 
0.647056 
0.648120 
0.649183 
0.650244 
0.651304 
0.652363 
0.653421 
0.654477 
